average_rental: 1398.9725415235037
bikes_accounted_for: 298
complete_rentals: 190
long_rentals: 6
longest_rental: 25199.9979660511
max_dt: 578.6570799350739
max_temp: 8.0
medium_rentals: 55
min_temp: -1.0
short_rentals: 115
shortest_rental: 83.05530405044556
spurious_rentals: 8
t0: '2017-03-10 00:00:01'
t1: '2017-03-10 23:59:42'
total_rentals: 192
total_returns: 190
total_time: 86381
weather_icon: cloudy
xlong_rentals: 6
