average_rental: 1858.1406182935557
bikes_accounted_for: 299
complete_rentals: 218
long_rentals: 10
longest_rental: 22914.724556922913
max_dt: 6229.219272136688
max_temp: 9.0
medium_rentals: 88
min_temp: 0.0
short_rentals: 82
shortest_rental: 141.15114998817444
spurious_rentals: 24
t0: '2017-03-07 00:00:00'
t1: '2017-03-07 23:58:16'
total_rentals: 222
total_returns: 220
total_time: 86296
weather_icon: sprinkle
xlong_rentals: 14
