average_rental: 1758.1796225780665
bikes_accounted_for: 298
complete_rentals: 92
long_rentals: 6
longest_rental: 8999.90622496605
max_dt: 601.12535405159
max_temp: 6.0
medium_rentals: 29
min_temp: 2.0
short_rentals: 46
shortest_rental: 599.2470490932465
spurious_rentals: 6
t0: '2017-03-12 00:00:01'
t1: '2017-03-12 23:50:01'
total_rentals: 95
total_returns: 94
total_time: 85800
xlong_rentals: 5
