average_rental: 1291.7989572074316
bikes_accounted_for: 300
complete_rentals: 79
long_rentals: 1
longest_rental: 9669.235761165619
max_dt: 608.6844789981842
max_temp: 8.0
medium_rentals: 35
min_temp: 4.0
short_rentals: 36
shortest_rental: 603.4017770290375
spurious_rentals: 6
t0: '2017-03-22 00:01:32'
t1: '2017-03-22 23:50:43'
total_rentals: 80
total_returns: 82
total_time: 85751
xlong_rentals: 1
